354 1755
1 1.00000000000000e+002 -2.44929359829471e-014 3.00000000000000e+002
2 1.00000000000000e+002 -2.44929359829471e-014 0.00000000000000e+000
3 8.85456025653210e+001 4.64723172043769e+001 3.00000000000000e+002
4 5.68064746731156e+001 8.22983865893656e+001 3.00000000000000e+002
5 1.20536680255323e+001 9.92708874098054e+001 3.00000000000000e+002
6 -3.54604887042536e+001 9.35016242685415e+001 3.00000000000000e+002
7 -7.48510748171101e+001 6.63122658240795e+001 3.00000000000000e+002
8 -9.70941817426052e+001 2.39315664287558e+001 3.00000000000000e+002
9 -9.70941817426052e+001 -2.39315664287558e+001 3.00000000000000e+002
10 -7.48510748171101e+001 -6.63122658240795e+001 3.00000000000000e+002
11 -3.54604887042536e+001 -9.35016242685415e+001 3.00000000000000e+002
12 1.20536680255322e+001 -9.92708874098054e+001 3.00000000000000e+002
13 5.68064746731155e+001 -8.22983865893657e+001 3.00000000000000e+002
14 8.85456025653209e+001 -4.64723172043770e+001 3.00000000000000e+002
15 1.00000000000000e+002 -2.44929359829471e-014 5.00000000000000e+001
16 1.00000000000000e+002 -2.44929359829471e-014 1.00000000000000e+002
17 1.00000000000000e+002 -2.44929359829471e-014 1.50000000000000e+002
18 1.00000000000000e+002 -2.44929359829471e-014 2.00000000000000e+002
19 1.00000000000000e+002 -2.44929359829471e-014 2.50000000000000e+002
20 9.00968867902419e+001 4.33883739117558e+001 0.00000000000000e+000
21 6.23489801858734e+001 7.81831482468030e+001 0.00000000000000e+000
22 2.22520933956314e+001 9.74927912181824e+001 0.00000000000000e+000
23 -2.22520933956314e+001 9.74927912181824e+001 0.00000000000000e+000
24 -6.23489801858734e+001 7.81831482468030e+001 0.00000000000000e+000
25 -9.00968867902419e+001 4.33883739117558e+001 0.00000000000000e+000
26 -1.00000000000000e+002 1.22464679914735e-014 0.00000000000000e+000
27 -9.00968867902419e+001 -4.33883739117558e+001 0.00000000000000e+000
28 -6.23489801858734e+001 -7.81831482468030e+001 0.00000000000000e+000
29 -2.22520933956315e+001 -9.74927912181824e+001 0.00000000000000e+000
30 2.22520933956314e+001 -9.74927912181824e+001 0.00000000000000e+000
31 6.23489801858733e+001 -7.81831482468030e+001 0.00000000000000e+000
32 9.00968867902419e+001 -4.33883739117558e+001 0.00000000000000e+000
33 -1.62165140654016e+001 9.86763632870944e+001 1.95435245082257e+002
34 -7.62608719695584e+001 6.46860062644358e+001 7.44243276225575e+001
35 5.14429894931185e+001 8.57532438570746e+001 7.44954195931957e+001
36 -1.62166940985491e+001 -9.86763337002043e+001 1.95436009757752e+002
37 5.14465709151735e+001 -8.57510952762122e+001 7.44910038215596e+001
38 -7.62617490691466e+001 -6.46849722030899e+001 7.44270071398797e+001
39 9.38151968514350e+001 -3.46223748423834e+001 1.96779174260399e+002
40 9.38170445058676e+001 3.46173678979795e+001 1.96775024513903e+002
41 -9.99999950552062e+001 -3.14477143356622e-002 1.95433065507131e+002
42 7.79204434029709e+001 -6.26769854083970e+001 2.53294902471521e+002
43 1.82263642678405e+001 -9.83249695935676e+001 2.54041564149092e+002
44 5.14670926809499e+001 -8.57387798546872e+001 1.95500000596711e+002
45 1.88101049541352e+001 -9.82149680629914e+001 1.34758502484388e+002
46 -4.92303972450014e+001 -8.70423344534104e+001 1.34748742133038e+002
47 -1.60829837121418e+001 -9.86982149530324e+001 7.44657075825854e+001
48 7.73401091875902e+001 -6.33916990689761e+001 2.05211305148263e+001
49 1.96058701525243e+001 -9.80592160664277e+001 2.47393712234965e+001
50 -4.69443661650135e+001 -8.82962427590503e+001 2.07150909193212e+001
51 -9.52434022757539e+001 -3.04744864261717e+001 2.11767510718310e+001
52 9.54315494442167e+001 -2.98800831771938e+001 7.47012381896013e+001
53 7.75992023155022e+001 -6.30742720924923e+001 1.35524970916100e+002
54 1.82289714592712e+001 9.83244862663267e+001 2.54000689835980e+002
55 7.79252133810008e+001 6.26710548780335e+001 2.53325911459774e+002
56 5.14711336450017e+001 8.57363540238234e+001 1.95493152318589e+002
57 -4.92304773808945e+001 8.70422891291884e+001 1.34748892799131e+002
58 1.88109490403637e+001 9.82148064000578e+001 1.34757824111271e+002
59 -1.60829675258285e+001 9.86982175906087e+001 7.44655087589614e+001
60 -9.52432980979845e+001 3.04748120161301e+001 2.11877050391275e+001
61 -4.69443256615285e+001 8.82962642934816e+001 2.07037627627371e+001
62 1.96055745931683e+001 9.80592751598324e+001 2.47525569737292e+001
63 7.73496071120593e+001 6.33801094950937e+001 2.05249145316573e+001
64 9.54306028044042e+001 2.98831064045900e+001 7.47176942875160e+001
65 7.76011380835860e+001 6.30718904753315e+001 1.35528284090654e+002
66 -9.99999999997608e+001 2.18706308542231e-004 7.44802711491277e+001
67 -9.38685101169882e+001 3.44775696419699e+001 1.34745745146771e+002
68 -7.62273103884725e+001 6.47255525348334e+001 1.95456137134159e+002
69 -9.38682601328245e+001 -3.44782502403528e+001 1.34745877383910e+002
70 -7.62188371332207e+001 -6.47355301674403e+001 1.95449897206041e+002
71 -4.90809418786641e+001 8.71266959335840e+001 2.53518827874256e+002
72 -4.90707409801451e+001 -8.71324416027665e+001 2.53497905304881e+002
73 -9.37807724908957e+001 -3.47155111011037e+001 2.53528629346395e+002
74 -9.42427159164158e+001 3.34411497514327e+001 2.54019507450534e+002
75 9.72669708732617e+001 -2.32193104363599e+001 2.25219974163784e+002
76 6.86499593429329e+001 -7.27130186570030e+001 2.78583336649308e+002
77 3.56062858307915e+001 -9.34462006147707e+001 2.79022365217962e+002
78 5.19093112827268e+001 -8.54717696210449e+001 2.53637212864544e+002
79 8.68091206379447e+001 -4.96404731450735e+001 2.25234849910626e+002
80 6.55900453436756e+001 -7.54847398605479e+001 2.25186799444980e+002
81 7.74552095806899e+001 -6.32510119192681e+001 1.95661297456834e+002
82 3.56744812378806e+001 -9.34201872638248e+001 2.25234273767977e+002
83 1.17779078596229e+000 -9.99930638037684e+001 2.25282672137116e+002
84 1.87852104107718e+001 -9.82197325888389e+001 1.95372533213031e+002
85 9.36789978948384e+001 -3.49892176737187e+001 2.52271478028422e+002
86 8.71463443494899e+001 -4.90460463903068e+001 2.74241067352407e+002
87 9.66272792781668e+001 -2.57520659229343e+001 2.76641339465677e+002
88 1.32119491530884e+000 -9.99912718390748e+001 1.65110028570198e+002
89 -3.32316280432747e+001 -9.43168007175468e+001 1.65115268897622e+002
90 -1.62023112901732e+001 -9.86786963273042e+001 1.34748459572349e+002
91 3.57020811577407e+001 -9.34096429765476e+001 1.04477598729848e+002
92 1.33396960569879e+000 -9.99911022296038e+001 1.04465194117090e+002
93 1.88055465473843e+001 -9.82158409781954e+001 7.45490286067842e+001
94 -3.32111815744667e+001 -9.43240023452557e+001 1.04457370535923e+002
95 -6.37101921114036e+001 -7.70779567783685e+001 1.04450738424831e+002
96 -4.91489183435209e+001 -8.70883679124940e+001 7.44729477597589e+001
97 6.52596611056585e+001 -7.57705525410407e+001 4.58189139170806e+001
98 3.53777709530201e+001 -9.35329531362912e+001 4.65379618404062e+001
99 4.89009218989915e+001 -8.72278615892235e+001 2.15509056676058e+001
100 -6.35576682072590e+001 -7.72037745972047e+001 4.58873360441165e+001
101 -8.67585454500958e+001 -4.97288124871655e+001 4.60145675372123e+001
102 -7.70287281918125e+001 -6.37697030975672e+001 2.10622241629329e+001
103 -1.07899598188261e+001 -9.94161796042682e+001 2.14643112934525e+001
104 -3.21823828569097e+001 -9.46799568739408e+001 4.62146391781713e+001
105 2.16365067560699e+000 -9.99765903387085e+001 4.68858406781154e+001
106 9.33175664917856e+001 -3.59420614886122e+001 1.99068886132559e+001
107 8.70387353062473e+001 -4.92367602131681e+001 4.50188452709587e+001
108 7.79336511772601e+001 -6.26605618725299e+001 7.46875990139950e+001
109 9.73817729528170e+001 -2.27330221608568e+001 3.80274875875278e+001
110 6.56413022185675e+001 -7.54401712819549e+001 1.04731998447895e+002
111 5.14501126818489e+001 -8.57489702855087e+001 1.34897412267722e+002
112 3.56876594079991e+001 -9.34151538347963e+001 1.65144126661172e+002
113 6.55068597580792e+001 -7.55569409428104e+001 1.65368993192209e+002
114 8.68177469504476e+001 -4.96253847788412e+001 1.66449544695876e+002
115 9.72625821204067e+001 -2.32376874768370e+001 1.69761778452401e+002
116 9.38150242490823e+001 -3.46228425341435e+001 1.39150573094339e+002
117 9.74602336052408e+001 -2.23942596575973e+001 1.12997501276275e+002
118 8.71625908685031e+001 -4.90171679423643e+001 1.06343053071188e+002
119 3.55814017327246e+001 9.34556785365901e+001 2.79108974823284e+002
120 6.86639233953380e+001 7.26998323516578e+001 2.78503536283811e+002
121 5.19041139536131e+001 8.54749258829181e+001 2.53636275791255e+002
122 1.18352750273845e+000 9.99929960679760e+001 2.25322353543869e+002
123 3.56772587153582e+001 9.34191265777913e+001 2.25252200830960e+002
124 1.87872884530169e+001 9.82193351259473e+001 1.95377292333634e+002
125 6.56310914511787e+001 7.54490545661575e+001 2.25168813055007e+002
126 8.68557913868034e+001 4.95587681704468e+001 2.25187909599667e+002
127 7.74800636473287e+001 6.32205641955676e+001 1.95640965308397e+002
128 9.72536746472696e+001 2.32749386165255e+001 2.25180725977769e+002
129 9.36871280654672e+001 3.49674424979116e+001 2.52261898907360e+002
130 9.66419131163751e+001 2.56970937891235e+001 2.76895777626704e+002
131 8.70874207510944e+001 4.91505966079949e+001 2.74074021661954e+002
132 -3.32311666303417e+001 9.43169632907382e+001 1.65117308550199e+002
133 1.32199456910319e+000 9.99912612699693e+001 1.65108998407203e+002
134 -1.62022900971905e+001 9.86786998070327e+001 1.34748752586124e+002
135 -6.37112519962136e+001 7.70770806989663e+001 1.04442698705959e+002
136 -3.32125001774219e+001 9.43235380589848e+001 1.04454957005683e+002
137 -4.91487922237790e+001 8.70884390889158e+001 7.44602875552606e+001
138 1.33622911806673e+000 9.99910720601796e+001 1.04466116061437e+002
139 3.57017836506913e+001 9.34097566861151e+001 1.04487228401161e+002
140 1.88047840848062e+001 9.82159869650752e+001 7.45612197063090e+001
141 -8.67638238533809e+001 4.97196024756785e+001 4.59452596932697e+001
142 -6.35757078676365e+001 7.71889199893931e+001 4.59533102615870e+001
143 -7.70313331253302e+001 6.37665564142710e+001 2.10618594038921e+001
144 3.53949453956352e+001 9.35264552970976e+001 4.64782072124329e+001
145 6.52696107763297e+001 7.57619819507543e+001 4.59278944402762e+001
146 4.89055749670468e+001 8.72252528637353e+001 2.15586221768336e+001
147 -1.07897590744270e+001 9.94162013915027e+001 2.14641070272159e+001
148 2.11534000277098e+000 9.99776241799768e+001 4.67657813495614e+001
149 -3.21432169310756e+001 9.46932606119454e+001 4.63623850259925e+001
150 9.33216071102681e+001 3.59315689381462e+001 1.99191515913934e+001
151 9.73967187532045e+001 2.26689032842171e+001 3.79433277686510e+001
152 8.69993905605835e+001 4.93062474954954e+001 4.50330849737003e+001
153 7.79183999882822e+001 6.26795257102833e+001 7.47155445409265e+001
154 9.72794468941681e+001 2.31669853879335e+001 1.69717549919622e+002
155 6.56307718434409e+001 7.54493325830931e+001 1.04749281613841e+002
156 5.14536781984534e+001 8.57468308443525e+001 1.34896040992855e+002
157 8.67842602162598e+001 4.96839227388146e+001 1.66483420410379e+002
158 6.54673849245441e+001 7.55911470421079e+001 1.65401464822476e+002
159 3.56692957510145e+001 9.34221672871415e+001 1.65158088026241e+002
160 9.38111495913256e+001 3.46333396072907e+001 1.39160052163628e+002
161 8.71966507335038e+001 4.89565531962714e+001 1.06253606395231e+002
162 9.74476408892482e+001 2.24489929644989e+001 1.13089291571280e+002
163 -9.99999999979213e+001 6.44786797207038e-004 2.50614506728580e+001
164 -9.85607644332657e+001 1.69049020798790e+001 4.67129285095679e+001
165 -9.39265989815791e+001 3.43190035367232e+001 7.46988512942160e+001
166 -9.85566099976532e+001 -1.69291058762858e+001 4.68560534677361e+001
167 -9.39251788405590e+001 -3.43228900264678e+001 7.47240078886851e+001
168 -8.63932897780993e+001 5.03606938129069e+001 1.04491297839116e+002
169 -7.62255239013383e+001 6.47276564226335e+001 1.34764788028174e+002
170 -6.37127724080547e+001 7.70758239143730e+001 1.65120021157899e+002
171 -4.92362732208728e+001 8.70390107901024e+001 1.95437352193771e+002
172 -8.63818938392710e+001 5.03802383553404e+001 1.65120341594636e+002
173 -9.84560358766530e+001 1.75045422520902e+001 1.65115867137343e+002
174 -9.38767617869038e+001 3.44550953620058e+001 1.95441604913717e+002
175 -8.63929972222137e+001 -5.03611956863870e+001 1.04495309184301e+002
176 -7.62251408458323e+001 -6.47281075193229e+001 1.34765996780560e+002
177 -9.84541285661317e+001 -1.75152667203102e+001 1.65114759289180e+002
178 -8.63791326468757e+001 -5.03849723942909e+001 1.65118650092949e+002
179 -9.38610504261090e+001 -3.44978725852395e+001 1.95432661318942e+002
180 -6.37113613578979e+001 -7.70769903014080e+001 1.65118471058366e+002
181 -4.92340081124735e+001 -8.70402920789039e+001 1.95435218048607e+002
182 -9.99999999927603e+001 -1.20330287676530e-003 1.34744269912928e+002
183 -9.84586193253339e+001 -1.74900051614910e+001 1.04505465778917e+002
184 -9.84584835306425e+001 1.74907695898781e+001 1.04515441109145e+002
185 -3.32879591049794e+001 9.42969340892121e+001 2.25235372801695e+002
186 -1.68909113702430e+001 9.85631630635026e+001 2.53315149527851e+002
187 -3.08980131129281e+000 9.99522542409962e+001 2.78447408466268e+002
188 -3.40243576718402e+001 9.40337337609152e+001 2.74694658327728e+002
189 -6.18558049981879e+001 7.85739103521401e+001 2.78461925684156e+002
190 -3.32872979407013e+001 -9.42971674855983e+001 2.25229918352373e+002
191 -1.68986393714081e+001 -9.85618383929353e+001 2.53336037342087e+002
192 -6.17469305852614e+001 -7.86594976039061e+001 2.78600581798103e+002
193 -3.39440624186056e+001 -9.40627483466319e+001 2.74744061909339e+002
194 -3.10009482272753e+000 -9.99519355094742e+001 2.78262648349355e+002
195 -8.67655073554142e+001 -4.97166645437680e+001 2.78508214185169e+002
196 -7.60403733219444e+001 -6.49450662102929e+001 2.53539591396753e+002
197 -6.36715654618927e+001 -7.71098680561179e+001 2.25162905016315e+002
198 -8.63401855561663e+001 -5.04516834023085e+001 2.25148429921739e+002
199 -9.84262221720559e+001 -1.76714116283081e+001 2.25210116377651e+002
200 -8.73381067564310e+001 4.87037483999153e+001 2.78981418200643e+002
201 -7.62417654145603e+001 6.47085249906932e+001 2.53637831443123e+002
202 -9.85006084025319e+001 1.72519605938297e+001 2.25285221718989e+002
203 -8.64590838776155e+001 5.02476548213291e+001 2.25242818552109e+002
204 -6.37145051954737e+001 7.70743915168712e+001 2.25135138070906e+002
205 -9.99930189896697e+001 -1.18158932441080e+000 2.53331224577356e+002
206 -9.93521394240817e+001 1.13645233889431e+001 2.78452851841032e+002
207 -6.43180883786811e+001 -2.45139165838891e+001 3.00000000000000e+002
208 6.88477126909953e+001 -1.64869040038734e+001 3.00000000000000e+002
209 2.79429107856226e+001 -7.32145137883787e+001 3.00000000000000e+002
210 -3.53625925055081e+001 -6.87757225151605e+001 3.00000000000000e+002
211 1.28801679344460e+000 -2.15190184148319e+001 3.00000000000000e+002
212 -3.23239087367053e+001 3.77321938580088e+001 3.00000000000000e+002
213 3.66849491937934e+001 3.66953931671738e+001 3.00000000000000e+002
214 7.67373392027998e+001 1.43403024220130e+001 3.00000000000000e+002
215 5.03222632154120e+001 -4.93974416114776e+001 3.00000000000000e+002
216 -7.62906610577746e+001 4.37794452074451e+000 3.00000000000000e+002
217 -4.57104234165831e+001 -4.74748452126069e+001 3.00000000000000e+002
218 -4.21377769522361e+000 -7.44580334936118e+001 3.00000000000000e+002
219 -1.66003536642535e+001 -4.89673245364304e+001 3.00000000000000e+002
220 -3.26373062471952e+001 -2.13597928060176e+001 3.00000000000000e+002
221 1.67050867280791e+001 -4.94919702142045e+001 3.00000000000000e+002
222 3.56352211495954e+001 -2.04346206475435e+001 3.00000000000000e+002
223 -4.90298380363071e+001 7.29115325295438e+000 3.00000000000000e+002
224 -6.39007623950465e+001 3.46393412262852e+001 3.00000000000000e+002
225 -4.51293583308901e+001 6.12756425342052e+001 3.00000000000000e+002
226 -1.31257036855518e+001 6.70775307502597e+001 3.00000000000000e+002
227 5.15880641296691e+001 9.50516150777928e+000 3.00000000000000e+002
228 6.32068520834471e+001 3.36773719425552e+001 3.00000000000000e+002
229 2.44791541080088e+001 6.47552652298117e+001 3.00000000000000e+002
230 5.43206412249398e+001 5.47027261765617e+001 3.00000000000000e+002
231 2.73530723672835e+000 3.81715026766836e+001 3.00000000000000e+002
232 1.89120513050373e+001 8.70365592083688e+000 3.00000000000000e+002
233 -1.56279897712549e+001 8.44486362974454e+000 3.00000000000000e+002
234 -9.80329890068028e+001 -1.97365920663140e+001 2.74545542904816e+002
235 -6.79354070211332e+001 -1.42885335662464e+001 0.00000000000000e+000
236 6.79494275274802e+001 -1.42949631895767e+001 0.00000000000000e+000
237 3.10342357834565e+001 -7.03486000031774e+001 0.00000000000000e+000
238 -3.10353173778992e+001 -7.03420459570270e+001 0.00000000000000e+000
239 2.31963304662914e-002 -1.89430762876197e+001 0.00000000000000e+000
240 -3.13075007369878e+001 4.06271710903792e+001 0.00000000000000e+000
241 3.25519684766464e+001 3.99280226172025e+001 0.00000000000000e+000
242 7.55956273819653e+001 1.61177974497296e+001 0.00000000000000e+000
243 5.09843006292181e+001 -4.63666551376316e+001 0.00000000000000e+000
244 -7.55635596237000e+001 1.61355836924051e+001 0.00000000000000e+000
245 -5.09811029481914e+001 -4.63604153089169e+001 0.00000000000000e+000
246 -1.00283629667543e-003 -7.33125065787967e+001 0.00000000000000e+000
247 -1.68516836115753e+001 -4.70394980821392e+001 0.00000000000000e+000
248 -3.43568977041193e+001 -1.78959182293080e+001 0.00000000000000e+000
249 1.68911437286606e+001 -4.69041163380397e+001 0.00000000000000e+000
250 3.43977423558590e+001 -1.78894456256346e+001 0.00000000000000e+000
251 -4.92703261129300e+001 1.25868045346921e+001 0.00000000000000e+000
252 -6.00308966611863e+001 4.28247679565128e+001 0.00000000000000e+000
253 -3.92200687041515e+001 6.62355754173776e+001 0.00000000000000e+000
254 -9.82131548160521e+000 6.85347461194000e+001 0.00000000000000e+000
255 4.94571821988900e+001 1.24914727583630e+001 0.00000000000000e+000
256 6.03164915427576e+001 4.26681779485145e+001 0.00000000000000e+000
257 1.77128727005061e+001 6.36340892167539e+001 0.00000000000000e+000
258 4.05021662836531e+001 6.52506341678162e+001 0.00000000000000e+000
259 1.20134832067893e+000 3.97514056202111e+001 0.00000000000000e+000
260 1.70379194944131e+001 1.10375677617121e+001 0.00000000000000e+000
261 -1.66156842298015e+001 1.11277349514676e+001 0.00000000000000e+000
262 6.66880932380768e+001 -1.84955030078918e+001 2.71769863468258e+002
263 2.54549246001250e+001 4.89335142452652e+001 2.55839741678397e+002
264 -6.32566785088883e+000 -2.39282230370148e+001 2.38551603293223e+002
265 1.69693972598341e+001 3.30882609072598e+001 2.06563042938065e+002
266 8.80684106780859e+000 -7.08659470561040e+000 1.93631785495119e+002
267 1.17776236945871e+001 7.27139826284500e+000 1.33731761217537e+002
268 6.13420581355508e+001 -2.31051569427345e+001 2.23755162351003e+002
269 5.87597686754364e+001 2.82936037698481e+001 2.04042955015370e+002
270 3.39051920065931e+001 -5.36131250847428e+001 2.60169222267041e+002
271 2.75064900192355e+001 -6.19247558995910e+001 2.17517767356595e+002
272 -2.40836355511988e+001 -5.92098604103937e+001 2.21576425147586e+002
273 -2.35745551454752e+000 -2.12439902456143e+001 7.76815892061719e+001
274 -1.93197510133152e+001 -5.74243007373984e+001 1.79711394686991e+002
275 2.30270650721592e+001 5.20867655409396e+001 8.66675923402271e+001
276 -1.99217614136287e+001 -6.08940286534545e+001 1.32129668413391e+002
277 4.55560140413808e+001 -4.25975201429193e+001 1.21057122723399e+002
278 -6.61854528617346e+000 3.52786711268240e+001 5.83559033375200e+001
279 -3.30579847465604e+001 -5.92513362367223e+001 8.53444726211929e+001
280 1.61939366434103e+001 -6.52649774184442e+001 9.03509512293550e+001
281 5.24487245143647e+001 -4.24548498181220e+001 7.21454691359092e+001
282 -1.45294191771080e+001 -6.85099596632002e+001 5.55250843908457e+001
283 2.56736878302150e+001 -5.95334748636748e+001 4.42060313056417e+001
284 3.45397807435131e+001 -5.60876616505171e+001 1.65997156659238e+002
285 6.48677237774442e+001 -1.13713101254332e+001 1.56244083126275e+002
286 5.83810142712870e+001 6.39056715339325e+000 9.63860539151248e+001
287 2.33214579623698e+001 6.97589601344437e+001 2.22206515216231e+002
288 -7.80024719231655e+000 6.87911933164979e+001 1.96065148766042e+002
289 6.61144265328378e+001 2.59605464964524e+001 2.41648328330991e+002
290 -3.11059528151148e+001 4.03765950386028e+001 1.81428982167944e+002
291 -1.67704518938749e+001 6.28457452233192e+001 1.49263576039815e+002
292 -5.88012763002898e+001 2.77993853181490e+001 1.38652261204999e+002
293 2.99192438951947e+001 6.01934763601318e+001 1.22225572594040e+002
294 -2.04398566344771e+001 6.38506929862960e+001 1.13850024544672e+002
295 1.14839425912313e+001 7.12072995315190e+001 5.44572363457509e+001
296 2.16798433429553e+001 7.33927254996539e+001 1.59944315527313e+002
297 4.01295810958538e+001 3.94626535318017e+001 1.65507509221320e+002
298 3.86746510956830e+001 6.37769696968361e+001 1.91230863383426e+002
299 -6.55424027976774e+001 -8.38978450492370e+000 6.96116297161650e+001
300 -7.27636007424193e+001 -7.06229588963310e+000 2.48853942693617e+001
301 -6.01064619349400e+001 6.18032715080350e+000 2.04394792880462e+002
302 -5.81291840858573e+001 -2.13612487392129e+001 1.61397428042862e+002
303 -5.89383331548778e+001 -2.56108579861756e+001 1.10542898739907e+002
304 -1.36474274125615e+001 7.12453597657449e+001 2.39080407962327e+002
305 -1.82541892788162e+001 2.96817535130133e+001 2.29105941229622e+002
306 -3.44666574194808e+001 5.17998807308812e+001 2.65747886815568e+002
307 -9.02081974931410e+000 7.39407392207966e+001 2.73816792579924e+002
308 -4.68162541784991e+001 -4.49072141214767e+001 2.69653718762495e+002
309 -2.05494580892155e+001 -6.87325868295800e+001 2.69915409981494e+002
310 -5.98514649705136e-001 -3.33610527537573e+001 2.73510299875532e+002
311 -5.98591068993340e+001 2.71528310765742e+001 2.57422102844684e+002
312 -6.21953738665018e+001 -1.56969219945310e+001 2.53109774498768e+002
313 6.71775857265547e+001 3.00284089937732e+001 2.73718426008269e+002
314 2.67122863694417e+001 4.68888272384848e+000 2.59798218960256e+002
315 -1.72332212137413e+001 6.79349545419448e+000 2.70636537798097e+002
316 -1.01720946168297e+001 -4.13669187790761e+001 2.65405475053132e+001
317 -4.14742424873525e+001 -3.59445724090311e+001 4.15967375223234e+001
318 5.65752735816537e+001 -4.54306690025273e+001 2.45027236540735e+001
319 5.37047961040999e+001 3.71185215273933e+001 3.74619793704299e+001
320 1.79489796746231e+001 5.65523660433279e+001 2.62783967894005e+001
321 6.16604338576945e+001 -6.75121489610451e+000 4.27016463949671e+001
322 2.39922117524756e+001 -7.57728830152823e+000 3.91013691295087e+001
323 -5.30473916158830e+001 1.74958194497970e+001 3.69439932593523e+001
324 -1.51715304894513e+001 7.43425467606435e+000 3.20189879540574e+001
325 -2.29747932899692e+001 5.43364521209432e+001 3.42927802053364e+001
326 -5.11965547041268e+001 5.53901123795776e+001 9.26370512584554e+001
327 -2.60708100498268e+001 6.40603348459698e+001 7.04288416679722e+001
328 -3.84642067158945e+001 1.92233234894207e+001 8.96492289839113e+001
329 -5.72691167912998e+001 4.32239108573856e+001 6.14659549349700e+001
330 -6.06396784139514e+001 4.41645177853006e+001 2.23562165424145e+001
331 -6.46306611842181e+001 -4.11108984344617e+001 2.15753818617635e+001
332 3.73686022368810e+001 -7.08062520636126e+001 2.83960146525238e+002
333 7.85308361873925e+001 -2.00867219331858e+001 1.77498579452527e+001
334 -5.40754715392767e+001 -6.30889769378177e+001 2.86223541494257e+002
335 7.55450610184471e+001 2.50235304391495e+001 1.58726165212466e+001
336 -4.15835889227428e+001 6.65355538889463e+001 1.87964001042024e+001
337 -7.48291975994161e+001 1.92831525039614e+001 2.81899560851735e+002
338 -7.33115993928577e+001 -3.52128931156333e+001 2.83360615859069e+002
339 4.60593689769855e+000 -7.61559255871787e+001 2.45721087584727e+001
340 -7.34024619353536e+001 2.29530056080357e+001 1.48848830649221e+001
341 4.84658906386414e+001 6.12219433788597e+001 2.77582691906789e+002
342 3.11135538544256e+001 -7.89763519563259e+001 1.95235261452183e+001
343 4.41166137368164e+001 7.00687326084801e+001 2.13257249772277e+001
344 -3.97946777381067e+001 7.22246884561135e+001 2.82681800611672e+002
345 -3.34456832256532e+001 -6.80191803840817e+001 2.29603864497762e+001
346 6.20967174060737e+001 -5.17388239977330e+001 2.80426822086306e+002
347 -7.88498246343845e+001 -6.99007119893546e+000 2.83670186347066e+002
348 -2.32588240556996e+001 8.03007559834376e+001 2.15646821469359e+001
349 2.24606380626706e+001 7.67061085126993e+001 2.77646834472287e+002
350 6.65311150327752e+001 5.16488640237075e+001 1.39186724484674e+001
351 7.70923532905024e+001 2.64332279962903e+000 2.14078219056100e+001
352 9.05355397600992e+000 -7.78319511819321e+001 2.80231919445185e+002
353 -1.81158255983347e+000 7.90052220445359e+001 2.47082165647006e+001
354 -6.38620801594850e+001 4.98061286392324e+001 2.81366803233816e+002
1 102 1 3 
2 102 3 4 
3 102 4 5 
4 102 5 6 
5 102 6 7 
6 102 7 8 
7 102 8 9 
8 102 9 10 
9 102 10 11 
10 102 11 12 
11 102 12 13 
12 102 13 14 
13 102 14 1 
14 102 2 15 
15 102 15 16 
16 102 16 17 
17 102 17 18 
18 102 18 19 
19 102 19 1 
20 102 2 20 
21 102 20 21 
22 102 21 22 
23 102 22 23 
24 102 23 24 
25 102 24 25 
26 102 25 26 
27 102 26 27 
28 102 27 28 
29 102 28 29 
30 102 29 30 
31 102 30 31 
32 102 31 32 
33 102 32 2 
34 203 87 85 19 
35 203 19 75 18 
36 203 75 39 18 
37 203 78 42 76 
38 203 77 76 13 
39 203 12 77 13 
40 203 43 78 77 
41 203 76 77 78 
42 203 80 79 42 
43 203 81 39 79 
44 203 44 81 80 
45 203 79 80 81 
46 203 83 82 43 
47 203 84 44 82 
48 203 36 84 83 
49 203 82 83 84 
50 203 80 82 44 
51 203 78 43 82 
52 203 42 78 80 
53 203 82 80 78 
54 203 75 79 39 
55 203 85 42 79 
56 203 75 19 85 
57 203 79 75 85 
58 203 86 76 42 
59 203 86 14 76 
60 203 13 76 14 
61 203 86 87 14 
62 203 14 87 1 
63 203 19 1 87 
64 203 42 85 86 
65 203 87 86 85 
66 203 109 106 2 
67 203 89 88 36 
68 203 90 45 88 
69 203 46 90 89 
70 203 88 89 90 
71 203 92 91 45 
72 203 93 37 91 
73 203 47 93 92 
74 203 91 92 93 
75 203 95 94 46 
76 203 96 47 94 
77 203 38 96 95 
78 203 94 95 96 
79 203 92 94 47 
80 203 90 46 94 
81 203 45 90 92 
82 203 94 92 90 
83 203 98 97 37 
84 203 99 48 97 
85 203 49 99 98 
86 203 97 98 99 
87 203 31 99 30 
88 203 49 30 99 
89 203 48 99 31 
90 203 32 48 31 
91 203 101 100 38 
92 203 102 50 100 
93 203 51 102 101 
94 203 100 101 102 
95 203 29 50 28 
96 203 102 51 27 
97 203 28 102 27 
98 203 50 102 28 
99 203 49 103 30 
100 203 104 100 50 
101 203 29 30 103 
102 203 103 50 29 
103 203 96 38 100 
104 203 47 96 104 
105 203 100 104 96 
106 203 98 105 49 
107 203 93 47 105 
108 203 37 93 98 
109 203 105 98 93 
110 203 104 105 47 
111 203 103 49 105 
112 203 50 103 104 
113 203 105 104 103 
114 203 106 48 32 
115 203 2 106 32 
116 203 107 97 48 
117 203 108 37 97 
118 203 52 108 107 
119 203 97 107 108 
120 203 52 109 15 
121 203 107 109 52 
122 203 15 16 52 
123 203 2 15 109 
124 203 48 106 107 
125 203 109 107 106 
126 203 110 91 37 
127 203 111 45 91 
128 203 53 111 110 
129 203 91 110 111 
130 203 112 88 45 
131 203 84 36 88 
132 203 44 84 112 
133 203 88 112 84 
134 203 114 113 53 
135 203 81 44 113 
136 203 39 81 114 
137 203 113 114 81 
138 203 112 113 44 
139 203 111 53 113 
140 203 45 111 112 
141 203 113 112 111 
142 203 18 39 115 
143 203 115 116 17 
144 203 115 17 18 
145 203 114 115 39 
146 203 53 116 114 
147 203 115 114 116 
148 203 17 116 117 
149 203 16 117 52 
150 203 110 118 53 
151 203 108 52 118 
152 203 37 108 110 
153 203 118 110 108 
154 203 117 118 52 
155 203 116 53 118 
156 203 117 16 17 
157 203 118 117 116 
158 203 121 54 119 
159 203 120 119 4 
160 203 55 121 120 
161 203 119 120 121 
162 203 123 122 54 
163 203 124 33 122 
164 203 56 124 123 
165 203 122 123 124 
166 203 126 125 55 
167 203 127 56 125 
168 203 40 127 126 
169 203 125 126 127 
170 203 123 125 56 
171 203 121 55 125 
172 203 54 121 123 
173 203 125 123 121 
174 203 18 128 19 
175 203 128 129 19 
176 203 154 40 18 
177 203 40 128 18 
178 203 126 128 40 
179 203 55 129 126 
180 203 128 126 129 
181 203 19 129 130 
182 203 120 131 55 
183 203 130 1 19 
184 203 3 120 4 
185 203 1 130 3 
186 203 131 120 3 
187 203 131 3 130 
188 203 129 55 131 
189 203 131 130 129 
190 203 133 132 33 
191 203 134 57 132 
192 203 58 134 133 
193 203 132 133 134 
194 203 136 135 57 
195 203 137 34 135 
196 203 59 137 136 
197 203 135 136 137 
198 203 139 138 58 
199 203 140 59 138 
200 203 35 140 139 
201 203 138 139 140 
202 203 136 138 59 
203 203 134 58 138 
204 203 57 134 136 
205 203 138 136 134 
206 203 142 141 34 
207 203 143 60 141 
208 203 61 143 142 
209 203 141 142 143 
210 203 60 25 26 
211 203 143 61 24 
212 203 25 143 24 
213 203 60 143 25 
214 203 145 144 35 
215 203 146 62 144 
216 203 63 146 145 
217 203 144 145 146 
218 203 62 22 147 
219 203 62 146 22 
220 203 146 63 21 
221 203 22 146 21 
222 203 23 147 22 
223 203 147 23 61 
224 203 148 144 62 
225 203 24 61 23 
226 203 140 35 144 
227 203 59 140 148 
228 203 144 148 140 
229 203 142 149 61 
230 203 137 59 149 
231 203 34 137 142 
232 203 149 142 137 
233 203 148 149 59 
234 203 147 61 149 
235 203 62 147 148 
236 203 149 148 147 
237 203 20 150 2 
238 203 63 150 20 
239 203 21 63 20 
240 203 2 150 151 
241 203 64 162 16 
242 203 145 152 63 
243 203 153 64 152 
244 203 35 153 145 
245 203 152 145 153 
246 203 151 152 64 
247 203 150 63 152 
248 203 151 15 2 
249 203 152 151 150 
250 203 162 160 17 
251 203 18 17 154 
252 203 139 155 35 
253 203 156 65 155 
254 203 58 156 139 
255 203 155 139 156 
256 203 158 157 65 
257 203 127 40 157 
258 203 56 127 158 
259 203 157 158 127 
260 203 133 159 58 
261 203 124 56 159 
262 203 33 124 133 
263 203 159 133 124 
264 203 158 159 56 
265 203 156 58 159 
266 203 65 156 158 
267 203 159 158 156 
268 203 154 157 40 
269 203 160 65 157 
270 203 154 17 160 
271 203 157 154 160 
272 203 161 155 65 
273 203 153 35 155 
274 203 64 153 161 
275 203 155 161 153 
276 203 15 151 64 
277 203 161 162 64 
278 203 64 16 15 
279 203 17 16 162 
280 203 65 160 161 
281 203 162 161 160 
282 203 26 163 60 
283 203 163 26 51 
284 203 164 141 60 
285 203 27 51 26 
286 203 165 34 141 
287 203 66 165 164 
288 203 141 164 165 
289 203 101 166 51 
290 203 167 66 166 
291 203 38 167 101 
292 203 166 101 167 
293 203 164 166 66 
294 203 163 51 166 
295 203 60 163 164 
296 203 166 164 163 
297 203 168 135 34 
298 203 169 57 135 
299 203 67 169 168 
300 203 135 168 169 
301 203 170 132 57 
302 203 171 33 132 
303 203 68 171 170 
304 203 132 170 171 
305 203 173 172 67 
306 203 174 68 172 
307 203 41 174 173 
308 203 172 173 174 
309 203 170 172 68 
310 203 169 67 172 
311 203 57 169 170 
312 203 172 170 169 
313 203 95 175 38 
314 203 176 69 175 
315 203 46 176 95 
316 203 175 95 176 
317 203 178 177 69 
318 203 179 41 177 
319 203 70 179 178 
320 203 177 178 179 
321 203 89 180 46 
322 203 181 70 180 
323 203 36 181 89 
324 203 180 89 181 
325 203 178 180 70 
326 203 176 46 180 
327 203 69 176 178 
328 203 180 178 176 
329 203 173 177 41 
330 203 182 69 177 
331 203 67 182 173 
332 203 177 173 182 
333 203 183 175 69 
334 203 167 38 175 
335 203 66 167 183 
336 203 175 183 167 
337 203 168 184 67 
338 203 165 66 184 
339 203 34 165 168 
340 203 184 168 165 
341 203 183 184 66 
342 203 182 67 184 
343 203 69 182 183 
344 203 184 183 182 
345 203 185 122 33 
346 203 186 54 122 
347 203 71 186 185 
348 203 122 185 186 
349 203 187 119 54 
350 203 189 188 71 
351 203 119 187 5 
352 203 4 119 5 
353 203 6 189 7 
354 203 5 187 6 
355 203 188 189 6 
356 203 188 6 187 
357 203 186 71 188 
358 203 54 186 187 
359 203 188 187 186 
360 203 83 190 36 
361 203 191 72 190 
362 203 43 191 83 
363 203 190 83 191 
364 203 193 192 72 
365 203 193 11 192 
366 203 10 192 11 
367 203 193 194 11 
368 203 77 194 43 
369 203 11 194 12 
370 203 194 77 12 
371 203 191 43 194 
372 203 72 191 193 
373 203 194 193 191 
374 203 196 72 192 
375 203 195 192 10 
376 203 9 195 10 
377 203 73 196 195 
378 203 192 195 196 
379 203 197 190 72 
380 203 181 36 190 
381 203 70 181 197 
382 203 190 197 181 
383 203 199 198 73 
384 203 179 70 198 
385 203 41 179 199 
386 203 198 199 179 
387 203 197 198 70 
388 203 196 73 198 
389 203 72 196 197 
390 203 198 197 196 
391 203 201 74 200 
392 203 189 200 7 
393 203 71 201 189 
394 203 200 189 201 
395 203 203 202 74 
396 203 174 41 202 
397 203 68 174 203 
398 203 202 203 174 
399 203 185 204 71 
400 203 171 68 204 
401 203 33 171 185 
402 203 204 185 171 
403 203 203 204 68 
404 203 201 71 204 
405 203 74 201 203 
406 203 204 203 201 
407 203 199 202 41 
408 203 205 74 202 
409 203 73 205 199 
410 203 202 199 205 
411 203 206 200 74 
412 203 206 8 200 
413 203 7 200 8 
414 203 195 234 73 
415 203 206 234 9 
416 203 234 195 9 
417 203 9 8 206 
418 203 205 73 234 
419 203 3 214 1 
420 203 214 208 1 
421 203 14 215 13 
422 203 215 209 13 
423 203 1 208 14 
424 203 208 215 14 
425 203 10 217 207 
426 203 10 11 210 
427 203 210 217 10 
428 203 12 218 11 
429 203 207 216 9 
430 203 207 9 10 
431 203 210 11 218 
432 203 209 218 12 
433 203 13 209 12 
434 203 219 217 210 
435 203 220 207 217 
436 203 211 220 219 
437 203 217 219 220 
438 203 215 221 209 
439 203 222 211 221 
440 203 208 222 215 
441 203 221 215 222 
442 203 219 221 211 
443 203 218 209 221 
444 203 210 218 219 
445 203 221 219 218 
446 203 223 216 207 
447 203 212 224 223 
448 203 9 216 8 
449 203 216 224 8 
450 203 216 223 224 
451 203 226 225 212 
452 203 7 225 6 
453 203 225 226 6 
454 203 224 212 225 
455 203 214 227 208 
456 203 8 224 7 
457 203 224 225 7 
458 203 228 213 227 
459 203 227 214 228 
460 203 230 229 213 
461 203 230 4 229 
462 203 6 226 5 
463 203 5 229 4 
464 203 213 228 230 
465 203 228 214 3 
466 203 4 230 3 
467 203 228 3 230 
468 203 229 5 226 
469 203 231 213 229 
470 203 212 231 226 
471 203 229 226 231 
472 203 232 227 213 
473 203 222 208 227 
474 203 211 222 232 
475 203 227 232 222 
476 203 223 233 212 
477 203 220 211 233 
478 203 207 220 223 
479 203 233 223 220 
480 203 232 233 211 
481 203 231 212 233 
482 203 213 231 232 
483 203 233 232 231 
484 203 74 205 206 
485 203 234 206 205 
486 203 20 2 242 
487 203 242 2 236 
488 203 243 32 31 
489 203 32 243 236 
490 203 243 31 237 
491 203 31 30 237 
492 203 2 32 236 
493 203 235 26 244 
494 203 26 235 27 
495 203 27 245 28 
496 203 238 28 245 
497 203 29 28 238 
498 203 245 27 235 
499 203 246 29 238 
500 203 30 29 246 
501 203 237 30 246 
502 203 247 238 245 
503 203 248 245 235 
504 203 239 247 248 
505 203 245 248 247 
506 203 243 237 249 
507 203 250 249 239 
508 203 236 243 250 
509 203 249 250 243 
510 203 247 239 249 
511 203 246 249 237 
512 203 238 247 246 
513 203 249 246 247 
514 203 251 235 244 
515 203 252 244 25 
516 203 240 251 252 
517 203 244 252 251 
518 203 254 240 253 
519 203 254 253 23 
520 203 24 23 253 
521 203 252 253 240 
522 203 25 24 252 
523 203 253 252 24 
524 203 26 25 244 
525 203 242 236 255 
526 203 256 255 241 
527 203 255 256 242 
528 203 258 241 257 
529 203 22 21 258 
530 203 254 22 257 
531 203 257 22 258 
532 203 241 258 256 
533 203 256 20 242 
534 203 256 21 20 
535 203 21 256 258 
536 203 22 254 23 
537 203 259 257 241 
538 203 240 254 259 
539 203 257 259 254 
540 203 260 241 255 
541 203 250 255 236 
542 203 239 260 250 
543 203 255 250 260 
544 203 251 240 261 
545 203 248 261 239 
546 203 235 251 248 
547 203 261 248 251 
548 203 260 239 261 
549 203 259 261 240 
550 203 241 260 259 
551 203 261 259 260 
552 304 126 129 128 289 
553 304 310 314 315 264 
554 304 100 345 282 317 
555 304 334 338 217 10 
556 304 277 117 285 286 
557 304 287 121 125 263 
558 304 314 231 315 263 
559 304 172 174 301 173 
560 304 254 353 22 320 
561 304 353 325 320 254 
562 304 277 118 53 116 
563 304 170 290 291 292 
564 304 275 140 139 138 
565 304 320 22 258 343 
566 304 160 154 17 285 
567 304 213 314 313 263 
568 304 231 263 306 315 
569 304 109 351 321 333 
570 304 257 254 22 320 
571 304 296 159 58 156 
572 304 285 114 116 53 
573 304 51 331 27 102 
574 304 283 281 322 318 
575 304 109 351 333 2 
576 304 288 204 185 304 
577 304 284 84 112 88 
578 304 29 28 345 50 
579 304 331 28 27 102 
580 304 280 282 93 283 
581 304 97 281 283 318 
582 304 69 176 303 175 
583 304 21 20 256 350 
584 304 255 321 236 250 
585 304 220 308 219 310 
586 304 313 120 3 341 
587 304 308 264 309 310 
588 304 340 330 25 252 
589 304 164 323 299 329 
590 304 55 341 313 263 
591 304 258 320 319 241 
592 304 271 78 270 80 
593 304 330 251 340 323 
594 304 65 286 160 161 
595 304 2 151 351 335 
596 304 66 165 164 299 
597 304 94 95 279 276 
598 304 277 117 286 118 
599 304 139 293 58 156 
600 304 123 287 124 122 
601 304 207 308 217 220 
602 304 33 288 122 124 
603 304 288 124 296 298 
604 304 258 319 256 241 
605 304 202 301 41 199 
606 304 297 298 296 158 
607 304 342 283 98 339 
608 304 215 14 262 346 
609 304 323 240 325 330 
610 304 346 262 215 270 
611 304 77 352 332 12 
612 304 288 265 298 297 
613 304 282 316 283 273 
614 304 295 353 149 325 
615 304 288 132 133 33 
616 304 230 313 213 228 
617 304 8 224 354 337 
618 304 337 354 311 224 
619 304 268 19 85 262 
620 304 192 309 11 334 
621 304 172 301 292 173 
622 304 55 313 289 263 
623 304 7 224 354 8 
624 304 60 143 330 141 
625 304 286 322 321 319 
626 304 333 2 106 109 
627 304 262 313 289 19 
628 304 308 192 72 196 
629 304 3 131 313 130 
630 304 296 133 291 58 
631 304 311 337 200 354 
632 304 316 273 324 322 
633 304 295 353 325 320 
634 304 354 212 306 311 
635 304 313 129 130 131 
636 304 294 58 293 291 
637 304 354 225 7 344 
638 304 354 225 344 306 
639 304 319 150 63 350 
640 304 174 172 301 68 
641 304 334 338 308 217 
642 304 139 293 156 155 
643 304 158 297 65 156 
644 304 215 332 209 13 
645 304 14 346 13 76 
646 304 324 259 260 320 
647 304 273 316 283 322 
648 304 307 71 186 188 
649 304 308 196 72 197 
650 304 278 327 328 329 
651 304 134 294 136 57 
652 304 282 105 47 93 
653 304 297 65 156 293 
654 304 244 340 300 26 
655 304 151 319 152 64 
656 304 301 302 290 292 
657 304 293 296 58 156 
658 304 285 117 17 16 
659 304 273 281 322 283 
660 304 255 322 321 250 
661 304 60 164 323 300 
662 304 259 254 320 325 
663 304 314 231 263 213 
664 304 244 300 235 26 
665 304 164 60 323 141 
666 304 85 262 87 86 
667 304 239 316 247 248 
668 304 114 284 285 81 
669 304 150 151 2 335 
670 304 294 58 291 134 
671 304 295 144 148 62 
672 304 277 281 273 280 
673 304 133 159 58 296 
674 304 149 353 295 148 
675 304 195 334 308 192 
676 304 160 297 267 65 
677 304 147 61 149 348 
678 304 300 251 340 244 
679 304 123 125 56 287 
680 304 127 297 269 157 
681 304 154 157 40 269 
682 304 46 89 180 276 
683 304 274 284 266 267 
684 304 85 19 268 75 
685 304 343 21 258 350 
686 304 276 277 267 273 
687 304 319 275 322 278 
688 304 298 159 124 296 
689 304 294 134 136 138 
690 304 258 343 350 319 
691 304 319 258 256 350 
692 304 324 259 320 325 
693 304 336 61 143 24 
694 304 38 95 279 96 
695 304 95 46 176 276 
696 304 311 301 203 202 
697 304 301 198 199 312 
698 304 160 161 286 162 
699 304 267 294 275 293 
700 304 258 21 256 350 
701 304 205 234 206 312 
702 304 346 76 42 270 
703 304 348 353 23 254 
704 304 353 348 325 254 
705 304 72 308 272 309 
706 304 275 139 155 293 
707 304 320 353 22 62 
708 304 233 211 232 315 
709 304 267 286 273 277 
710 304 295 353 320 62 
711 304 318 99 31 342 
712 304 302 267 266 290 
713 304 280 276 279 273 
714 304 347 8 206 337 
715 304 254 353 23 22 
716 304 210 308 219 217 
717 304 325 348 353 149 
718 304 153 64 286 161 
719 304 110 281 37 108 
720 304 333 109 318 321 
721 304 323 278 329 325 
722 304 317 316 273 324 
723 304 275 59 138 294 
724 304 336 252 330 240 
725 304 160 285 17 162 
726 304 318 48 32 31 
727 304 323 330 60 340 
728 304 251 324 323 240 
729 304 275 153 286 161 
730 304 276 180 302 274 
731 304 149 336 142 325 
732 304 175 69 183 303 
733 304 13 77 76 332 
734 304 274 276 267 302 
735 304 330 24 25 252 
736 304 305 312 315 264 
737 304 77 270 76 332 
738 304 60 330 25 340 
739 304 279 100 96 282 
740 304 45 280 91 277 
741 304 279 276 303 273 
742 304 170 132 290 171 
743 304 292 184 303 328 
744 304 328 324 278 323 
745 304 38 303 299 279 
746 304 44 113 284 112 
747 304 105 339 98 283 
748 304 279 317 299 38 
749 304 6 187 188 307 
750 304 292 267 303 302 
751 304 339 316 283 282 
752 304 268 85 42 262 
753 304 288 204 290 171 
754 304 330 336 24 252 
755 304 272 191 72 309 
756 304 9 195 10 338 
757 304 288 265 305 287 
758 304 306 304 263 307 
759 304 204 288 305 304 
760 304 285 39 81 268 
761 304 60 330 323 141 
762 304 277 117 118 116 
763 304 2 15 351 151 
764 304 318 32 106 333 
765 304 285 154 18 269 
766 304 277 110 53 118 
767 304 249 339 283 237 
768 304 235 248 300 251 
769 304 149 336 325 348 
770 304 308 220 219 217 
771 304 266 297 290 267 
772 304 222 310 221 270 
773 304 223 315 311 312 
774 304 125 298 287 269 
775 304 263 304 306 305 
776 304 138 139 293 58 
777 304 45 284 112 88 
778 304 123 56 124 287 
779 304 223 347 207 312 
780 304 302 177 179 178 
781 304 274 36 272 84 
782 304 129 313 19 289 
783 304 107 321 52 281 
784 304 341 213 263 229 
785 304 345 317 316 282 
786 304 301 302 173 41 
787 304 280 282 283 273 
788 304 98 339 105 49 
789 304 345 246 339 316 
790 304 198 272 301 70 
791 304 174 301 173 41 
792 304 309 264 308 272 
793 304 321 322 286 281 
794 304 325 330 240 336 
795 304 277 110 281 280 
796 304 178 302 70 179 
797 304 229 231 263 307 
798 304 282 345 100 104 
799 304 301 198 70 179 
800 304 341 213 229 230 
801 304 195 338 234 73 
802 304 336 61 24 23 
803 304 345 247 246 316 
804 304 195 308 73 196 
805 304 343 144 320 62 
806 304 342 30 237 339 
807 304 311 205 206 312 
808 304 339 30 103 49 
809 304 308 207 312 220 
810 304 281 107 318 97 
811 304 169 291 292 170 
812 304 347 8 337 216 
813 304 315 306 212 311 
814 304 303 167 299 183 
815 304 354 212 311 224 
816 304 144 320 62 295 
817 304 55 129 313 131 
818 304 64 321 151 319 
819 304 305 266 290 301 
820 304 342 283 339 237 
821 304 319 275 286 322 
822 304 267 291 297 290 
823 304 301 172 290 68 
824 304 311 201 203 204 
825 304 195 334 192 10 
826 304 342 283 237 318 
827 304 222 314 232 211 
828 304 314 305 315 264 
829 304 294 135 136 57 
830 304 352 209 332 12 
831 304 169 326 168 292 
832 304 164 141 323 329 
833 304 314 231 213 232 
834 304 288 204 171 185 
835 304 169 291 170 57 
836 304 264 272 271 266 
837 304 267 291 290 292 
838 304 352 221 309 270 
839 304 132 134 57 291 
840 304 352 209 12 218 
841 304 310 221 309 219 
842 304 11 352 218 309 
843 304 12 11 352 218 
844 304 236 351 2 333 
845 304 265 298 269 287 
846 304 288 133 124 33 
847 304 279 100 38 96 
848 304 324 239 322 260 
849 304 331 248 317 300 
850 304 101 167 166 299 
851 304 251 340 323 300 
852 304 314 268 262 289 
853 304 351 255 321 236 
854 304 181 89 274 180 
855 304 311 224 212 223 
856 304 288 287 305 304 
857 304 242 2 351 335 
858 304 181 272 197 70 
859 304 81 44 113 284 
860 304 60 300 340 26 
861 304 141 142 143 330 
862 304 303 184 299 328 
863 304 2 351 236 242 
864 304 101 331 300 51 
865 304 239 324 248 261 
866 304 258 320 241 257 
867 304 225 306 226 344 
868 304 163 51 300 26 
869 304 316 249 239 247 
870 304 308 210 219 309 
871 304 149 336 348 61 
872 304 281 118 277 286 
873 304 286 293 275 161 
874 304 277 117 116 285 
875 304 109 351 2 15 
876 304 316 317 248 324 
877 304 101 331 51 102 
878 304 320 22 343 62 
879 304 331 100 101 317 
880 304 140 144 148 295 
881 304 314 268 270 262 
882 304 336 142 325 330 
883 304 222 215 208 262 
884 304 335 350 319 256 
885 304 149 336 61 142 
886 304 346 332 13 76 
887 304 276 267 302 303 
888 304 193 192 72 309 
889 304 20 350 335 256 
890 304 8 354 200 337 
891 304 346 262 270 42 
892 304 137 329 326 327 
893 304 55 341 263 121 
894 304 77 270 43 78 
895 304 336 61 23 348 
896 304 199 198 73 312 
897 304 215 222 221 270 
898 304 272 270 309 264 
899 304 249 322 283 316 
900 304 276 89 88 90 
901 304 319 275 278 295 
902 304 349 341 263 229 
903 304 323 317 299 324 
904 304 84 272 271 83 
905 304 200 311 206 337 
906 304 4 349 119 5 
907 304 272 270 264 271 
908 304 328 327 275 294 
909 304 240 336 254 325 
910 304 345 100 104 50 
911 304 245 345 331 317 
912 304 295 140 275 59 
913 304 301 204 68 290 
914 304 253 252 336 240 
915 304 336 253 24 252 
916 304 314 305 264 266 
917 304 351 255 236 242 
918 304 284 285 266 267 
919 304 265 297 266 269 
920 304 349 54 187 307 
921 304 290 170 171 68 
922 304 294 58 134 138 
923 304 226 306 225 212 
924 304 319 35 295 145 
925 304 290 297 266 265 
926 304 281 321 322 318 
927 304 211 314 232 315 
928 304 47 280 279 282 
929 304 280 282 273 279 
930 304 354 189 306 344 
931 304 66 184 165 299 
932 304 128 268 289 19 
933 304 225 6 344 226 
934 304 101 331 317 300 
935 304 91 92 93 280 
936 304 129 55 313 289 
937 304 306 226 344 307 
938 304 279 100 282 317 
939 304 91 280 93 37 
940 304 268 285 269 266 
941 304 271 78 43 270 
942 304 45 280 277 276 
943 304 326 292 328 168 
944 304 117 16 286 52 
945 304 128 129 19 289 
946 304 258 22 320 257 
947 304 269 126 128 289 
948 304 3 313 1 130 
949 304 274 88 284 276 
950 304 8 337 200 206 
951 304 249 339 237 246 
952 304 138 293 275 294 
953 304 297 154 269 157 
954 304 30 246 237 339 
955 304 311 301 202 312 
956 304 75 39 268 79 
957 304 263 341 349 121 
958 304 36 181 272 190 
959 304 104 339 282 345 
960 304 343 145 63 319 
961 304 324 239 260 261 
962 304 118 281 110 108 
963 304 114 284 81 113 
964 304 114 284 113 53 
965 304 271 78 80 82 
966 304 274 276 284 267 
967 304 102 345 100 331 
968 304 153 319 286 64 
969 304 255 322 250 260 
970 304 170 132 57 291 
971 304 294 58 138 293 
972 304 311 204 305 306 
973 304 204 288 290 305 
974 304 307 54 304 263 
975 304 94 92 276 279 
976 304 249 339 246 316 
977 304 306 263 305 315 
978 304 47 280 282 93 
979 304 341 349 4 229 
980 304 206 347 337 312 
981 304 111 113 284 53 
982 304 81 79 80 268 
983 304 12 11 194 352 
984 304 39 115 18 285 
985 304 119 341 121 349 
986 304 269 314 268 266 
987 304 313 314 262 289 
988 304 229 307 263 349 
989 304 289 125 269 126 
990 304 126 55 129 289 
991 304 119 341 120 121 
992 304 204 71 185 304 
993 304 321 151 351 15 
994 304 170 172 290 292 
995 304 307 349 229 5 
996 304 308 264 312 272 
997 304 220 308 315 312 
998 304 4 341 3 120 
999 304 4 229 349 5 
1000 304 33 288 171 185 
1001 304 343 144 62 146 
1002 304 65 293 161 155 
1003 304 298 159 296 158 
1004 304 265 314 266 305 
1005 304 223 315 312 220 
1006 304 111 277 284 45 
1007 304 298 159 158 56 
1008 304 33 288 185 122 
1009 304 159 133 124 296 
1010 304 118 117 286 52 
1011 304 306 204 305 304 
1012 304 319 35 145 153 
1013 304 231 306 212 315 
1014 304 306 226 307 231 
1015 304 71 204 306 304 
1016 304 267 294 293 291 
1017 304 153 152 319 64 
1018 304 336 348 254 325 
1019 304 140 148 59 295 
1020 304 153 145 319 152 
1021 304 48 99 318 97 
1022 304 198 196 73 312 
1023 304 271 78 82 43 
1024 304 141 164 165 329 
1025 304 223 315 220 233 
1026 304 323 317 324 248 
1027 304 348 147 23 353 
1028 304 135 136 326 294 
1029 304 297 158 296 156 
1030 304 153 319 275 286 
1031 304 290 170 291 132 
1032 304 276 277 284 267 
1033 304 287 263 305 304 
1034 304 152 145 319 63 
1035 304 239 316 324 322 
1036 304 329 325 142 330 
1037 304 272 43 270 271 
1038 304 313 214 1 262 
1039 304 268 80 270 42 
1040 304 336 348 23 254 
1041 304 85 262 86 42 
1042 304 201 354 306 311 
1043 304 272 43 271 83 
1044 304 272 43 309 270 
1045 304 192 308 309 334 
1046 304 76 270 78 42 
1047 304 11 309 192 193 
1048 304 300 101 166 299 
1049 304 77 270 78 76 
1050 304 264 301 312 272 
1051 304 310 308 219 309 
1052 304 266 267 302 274 
1053 304 347 8 216 9 
1054 304 147 348 149 353 
1055 304 334 210 309 11 
1056 304 128 269 289 268 
1057 304 287 121 263 54 
1058 304 193 72 191 309 
1059 304 218 210 11 309 
1060 304 168 326 165 328 
1061 304 272 36 190 83 
1062 304 306 315 305 311 
1063 304 192 11 10 334 
1064 304 195 9 234 338 
1065 304 305 312 264 301 
1066 304 313 214 227 228 
1067 304 286 293 267 275 
1068 304 235 331 27 300 
1069 304 322 318 249 283 
1070 304 223 315 212 311 
1071 304 262 14 1 87 
1072 304 71 201 189 306 
1073 304 115 285 114 116 
1074 304 86 14 262 87 
1075 304 69 182 183 303 
1076 304 182 69 302 303 
1077 304 125 298 269 127 
1078 304 285 277 286 267 
1079 304 340 60 26 25 
1080 304 177 302 69 178 
1081 304 125 298 127 56 
1082 304 300 26 27 235 
1083 304 141 165 34 329 
1084 304 230 313 3 341 
1085 304 250 321 236 318 
1086 304 265 298 297 269 
1087 304 286 322 273 281 
1088 304 285 117 116 17 
1089 304 344 307 226 6 
1090 304 59 275 327 294 
1091 304 346 86 42 76 
1092 304 180 46 276 176 
1093 304 230 313 228 3 
1094 304 280 281 273 283 
1095 304 127 297 157 158 
1096 304 338 9 347 207 
1097 304 293 275 161 155 
1098 304 264 301 272 266 
1099 304 177 302 173 182 
1100 304 250 243 249 318 
1101 304 31 99 318 48 
1102 304 127 297 158 298 
1103 304 318 109 333 106 
1104 304 345 104 103 50 
1105 304 280 281 283 37 
1106 304 259 257 320 254 
1107 304 324 240 259 325 
1108 304 45 276 88 90 
1109 304 29 339 103 345 
1110 304 338 312 207 347 
1111 304 29 345 103 50 
1112 304 320 145 343 319 
1113 304 268 262 289 19 
1114 304 223 347 312 337 
1115 304 229 231 307 226 
1116 304 125 287 263 269 
1117 304 302 301 70 179 
1118 304 312 338 234 347 
1119 304 204 305 301 311 
1120 304 196 308 73 312 
1121 304 324 320 322 278 
1122 304 286 293 161 65 
1123 304 265 288 290 297 
1124 304 1 19 313 262 
1125 304 289 125 126 55 
1126 304 285 277 53 116 
1127 304 255 322 260 319 
1128 304 91 111 45 277 
1129 304 207 9 347 216 
1130 304 198 272 70 197 
1131 304 318 31 237 342 
1132 304 32 318 236 333 
1133 304 243 318 32 31 
1134 304 308 272 312 197 
1135 304 274 84 272 271 
1136 304 262 1 19 87 
1137 304 19 262 87 85 
1138 304 215 332 346 270 
1139 304 285 277 284 53 
1140 304 160 285 267 297 
1141 304 220 211 315 310 
1142 304 198 272 197 312 
1143 304 268 81 271 80 
1144 304 111 113 112 284 
1145 304 198 196 312 197 
1146 304 143 336 24 330 
1147 304 157 269 127 40 
1148 304 296 297 156 293 
1149 304 75 18 19 268 
1150 304 262 14 86 346 
1151 304 262 86 42 346 
1152 304 215 332 13 346 
1153 304 282 47 104 96 
1154 304 149 295 327 59 
1155 304 234 338 312 73 
1156 304 14 215 13 346 
1157 304 111 284 112 45 
1158 304 314 222 262 270 
1159 304 222 215 262 270 
1160 304 55 341 121 120 
1161 304 55 341 120 313 
1162 304 319 255 256 241 
1163 304 137 329 327 142 
1164 304 345 316 317 245 
1165 304 196 308 312 197 
1166 304 110 281 280 37 
1167 304 245 345 238 28 
1168 304 94 47 279 96 
1169 304 48 107 318 106 
1170 304 285 39 114 81 
1171 304 292 182 302 303 
1172 304 321 250 322 318 
1173 304 105 339 103 49 
1174 304 44 284 84 112 
1175 304 56 298 124 287 
1176 304 104 339 345 103 
1177 304 66 299 183 184 
1178 304 298 159 56 124 
1179 304 282 105 104 47 
1180 304 164 60 163 300 
1181 304 296 124 288 133 
1182 304 107 281 52 108 
1183 304 328 327 278 275 
1184 304 280 276 273 277 
1185 304 181 272 190 197 
1186 304 277 276 284 45 
1187 304 91 111 277 110 
1188 304 29 28 238 345 
1189 304 345 247 316 245 
1190 304 333 351 321 236 
1191 304 118 281 108 52 
1192 304 331 248 300 235 
1193 304 3 120 313 131 
1194 304 214 208 1 262 
1195 304 47 280 93 92 
1196 304 328 278 273 275 
1197 304 239 250 322 260 
1198 304 121 54 349 263 
1199 304 297 154 157 160 
1200 304 56 298 127 158 
1201 304 269 18 128 40 
1202 304 126 269 128 40 
1203 304 281 97 283 37 
1204 304 37 280 93 283 
1205 304 45 280 276 92 
1206 304 249 322 316 239 
1207 304 223 337 312 311 
1208 304 109 351 15 321 
1209 304 169 291 57 294 
1210 304 204 290 171 68 
1211 304 285 160 286 162 
1212 304 101 317 299 300 
1213 304 222 310 270 314 
1214 304 251 324 240 261 
1215 304 331 248 235 245 
1216 304 168 328 184 292 
1217 304 321 52 286 15 
1218 304 7 225 6 344 
1219 304 291 288 133 296 
1220 304 273 286 267 275 
1221 304 162 16 64 286 
1222 304 98 37 93 283 
1223 304 275 153 161 155 
1224 304 299 279 303 273 
1225 304 148 295 149 59 
1226 304 146 21 343 63 
1227 304 169 291 294 292 
1228 304 163 51 166 300 
1229 304 354 212 224 225 
1230 304 267 276 273 303 
1231 304 277 118 281 110 
1232 304 164 163 166 300 
1233 304 64 321 319 286 
1234 304 176 276 302 303 
1235 304 184 299 183 303 
1236 304 301 305 204 290 
1237 304 71 344 306 189 
1238 304 302 177 41 179 
1239 304 265 314 305 263 
1240 304 354 225 224 7 
1241 304 258 320 343 319 
1242 304 149 142 137 327 
1243 304 301 204 311 203 
1244 304 311 74 203 201 
1245 304 182 302 173 292 
1246 304 101 38 167 299 
1247 304 327 326 136 294 
1248 304 169 326 292 294 
1249 304 320 319 260 322 
1250 304 21 343 258 22 
1251 304 74 311 203 202 
1252 304 276 284 45 88 
1253 304 268 284 266 271 
1254 304 277 111 284 53 
1255 304 187 307 186 188 
1256 304 187 54 186 307 
1257 304 132 288 290 171 
1258 304 349 187 119 5 
1259 304 206 311 200 74 
1260 304 249 322 239 250 
1261 304 193 194 309 191 
1262 304 313 213 228 227 
1263 304 334 338 10 195 
1264 304 308 72 272 197 
1265 304 181 274 36 272 
1266 304 172 170 290 68 
1267 304 343 21 350 63 
1268 304 107 281 108 97 
1269 304 97 281 108 37 
1270 304 169 326 294 135 
1271 304 174 301 203 68 
1272 304 354 189 344 7 
1273 304 288 132 33 171 
1274 304 71 344 189 188 
1275 304 71 344 188 307 
1276 304 211 221 310 219 
1277 304 350 343 63 319 
1278 304 314 264 270 268 
1279 304 71 344 307 306 
1280 304 187 6 5 307 
1281 304 354 189 7 200 
1282 304 194 191 43 309 
1283 304 43 352 309 270 
1284 304 275 35 155 139 
1285 304 310 314 264 270 
1286 304 255 335 351 319 
1287 304 150 2 20 335 
1288 304 349 54 307 263 
1289 304 349 54 121 119 
1290 304 119 341 349 4 
1291 304 72 191 272 190 
1292 304 169 326 135 168 
1293 304 295 353 62 148 
1294 304 119 341 4 120 
1295 304 51 101 166 300 
1296 304 150 152 319 63 
1297 304 342 30 339 49 
1298 304 229 4 341 230 
1299 304 320 145 319 295 
1300 304 274 301 302 266 
1301 304 265 314 263 269 
1302 304 125 298 56 287 
1303 304 142 330 141 329 
1304 304 264 314 266 268 
1305 304 92 276 45 90 
1306 304 132 134 291 133 
1307 304 182 184 183 303 
1308 304 283 99 318 342 
1309 304 89 274 88 36 
1310 304 342 98 49 339 
1311 304 182 292 184 303 
1312 304 176 95 303 175 
1313 304 30 342 237 31 
1314 304 222 310 314 211 
1315 304 18 269 128 268 
1316 304 314 227 313 262 
1317 304 39 81 268 79 
1318 304 285 39 268 18 
1319 304 325 327 329 142 
1320 304 294 135 57 169 
1321 304 302 290 292 267 
1322 304 18 115 17 285 
1323 304 293 65 156 155 
1324 304 168 326 34 165 
1325 304 264 308 312 315 
1326 304 301 202 312 199 
1327 304 302 180 276 176 
1328 304 94 95 276 46 
1329 304 92 94 47 279 
1330 304 237 31 318 243 
1331 304 172 67 173 292 
1332 304 264 310 270 309 
1333 304 301 302 292 173 
1334 304 172 301 290 292 
1335 304 231 315 212 233 
1336 304 80 44 271 82 
1337 304 168 326 135 34 
1338 304 36 274 88 84 
1339 304 74 205 206 311 
1340 304 174 301 202 203 
1341 304 353 147 23 22 
1342 304 220 207 312 223 
1343 304 47 282 279 96 
1344 304 315 231 232 233 
1345 304 176 69 303 302 
1346 304 166 299 167 66 
1347 304 34 165 326 329 
1348 304 215 262 14 208 
1349 304 314 227 262 222 
1350 304 313 214 262 227 
1351 304 208 222 262 227 
1352 304 136 59 327 294 
1353 304 59 275 295 327 
1354 304 208 14 1 262 
1355 304 314 231 232 315 
1356 304 274 88 276 89 
1357 304 324 240 325 323 
1358 304 255 322 319 321 
1359 304 222 310 211 221 
1360 304 303 273 328 299 
1361 304 89 181 274 36 
1362 304 94 92 90 276 
1363 304 12 13 332 77 
1364 304 11 194 352 309 
1365 304 11 194 309 193 
1366 304 296 293 58 291 
1367 304 288 291 297 296 
1368 304 30 99 342 31 
1369 304 273 317 324 299 
1370 304 267 294 291 292 
1371 304 328 327 294 326 
1372 304 20 150 335 350 
1373 304 150 20 63 350 
1374 304 137 329 142 34 
1375 304 47 280 92 279 
1376 304 329 325 330 323 
1377 304 99 98 49 342 
1378 304 91 110 280 37 
1379 304 335 150 319 350 
1380 304 97 98 283 37 
1381 304 107 48 318 97 
1382 304 243 250 236 318 
1383 304 319 35 153 275 
1384 304 64 321 286 15 
1385 304 249 318 322 250 
1386 304 104 339 103 105 
1387 304 273 322 286 275 
1388 304 246 249 316 247 
1389 304 297 296 291 293 
1390 304 324 259 261 260 
1391 304 268 80 271 270 
1392 304 345 247 245 238 
1393 304 102 345 331 28 
1394 304 172 67 292 169 
1395 304 255 319 260 241 
1396 304 283 99 342 98 
1397 304 297 157 158 65 
1398 304 138 275 293 139 
1399 304 327 278 295 325 
1400 304 15 16 52 286 
1401 304 38 303 279 95 
1402 304 279 317 282 273 
1403 304 144 35 145 295 
1404 304 106 32 318 48 
1405 304 297 154 160 285 
1406 304 267 291 293 297 
1407 304 64 162 286 161 
1408 304 2 32 333 106 
1409 304 297 154 285 269 
1410 304 154 18 269 40 
1411 304 341 213 230 313 
1412 304 158 159 296 156 
1413 304 4 230 3 341 
1414 304 35 140 139 275 
1415 304 137 326 136 327 
1416 304 45 280 92 91 
1417 304 298 288 124 287 
1418 304 107 321 281 318 
1419 304 287 288 124 122 
1420 304 134 294 57 291 
1421 304 137 136 59 327 
1422 304 341 213 313 263 
1423 304 265 288 298 287 
1424 304 243 249 318 237 
1425 304 323 328 299 329 
1426 304 137 34 135 326 
1427 304 265 314 269 266 
1428 304 214 313 1 3 
1429 304 314 313 263 289 
1430 304 140 35 295 275 
1431 304 259 257 241 320 
1432 304 35 140 295 144 
1433 304 319 35 275 295 
1434 304 314 305 263 315 
1435 304 160 157 297 65 
1436 304 297 291 288 290 
1437 304 21 146 343 22 
1438 304 313 214 228 3 
1439 304 60 300 26 163 
1440 304 343 22 146 62 
1441 304 138 59 136 294 
1442 304 343 145 144 146 
1443 304 269 126 127 40 
1444 304 285 18 268 269 
1445 304 300 251 244 235 
1446 304 244 340 25 252 
1447 304 244 340 26 25 
1448 304 178 69 176 302 
1449 304 353 148 149 147 
1450 304 91 110 277 280 
1451 304 294 267 328 292 
1452 304 323 317 248 300 
1453 304 65 286 267 160 
1454 304 283 99 98 97 
1455 304 311 206 337 312 
1456 304 223 337 311 224 
1457 304 107 321 318 109 
1458 304 251 340 244 252 
1459 304 328 327 326 329 
1460 304 137 135 136 326 
1461 304 345 246 238 29 
1462 304 105 282 283 93 
1463 304 205 234 312 73 
1464 304 98 105 283 93 
1465 304 305 264 266 301 
1466 304 249 339 316 283 
1467 304 221 218 309 219 
1468 304 274 301 266 272 
1469 304 246 29 339 30 
1470 304 282 339 105 283 
1471 304 272 72 190 197 
1472 304 265 287 269 263 
1473 304 330 251 323 240 
1474 304 345 246 29 339 
1475 304 245 28 27 331 
1476 304 299 184 165 328 
1477 304 310 314 211 315 
1478 304 301 198 179 199 
1479 304 205 199 73 312 
1480 304 308 264 310 315 
1481 304 214 208 262 227 
1482 304 329 165 328 299 
1483 304 340 60 323 300 
1484 304 325 327 142 149 
1485 304 212 315 223 233 
1486 304 202 205 312 199 
1487 304 338 312 73 308 
1488 304 165 164 299 329 
1489 304 220 211 310 219 
1490 304 330 251 240 252 
1491 304 117 285 286 16 
1492 304 263 231 229 213 
1493 304 126 125 269 127 
1494 304 308 338 207 217 
1495 304 338 312 308 207 
1496 304 317 101 299 38 
1497 304 353 148 147 62 
1498 304 316 245 248 317 
1499 304 35 275 155 153 
1500 304 321 52 15 109 
1501 304 313 19 1 130 
1502 304 327 278 325 329 
1503 304 283 99 97 318 
1504 304 106 107 318 109 
1505 304 195 308 338 73 
1506 304 184 328 168 165 
1507 304 306 263 231 307 
1508 304 306 226 231 212 
1509 304 54 307 304 186 
1510 304 272 191 309 43 
1511 304 354 212 225 306 
1512 304 311 201 200 74 
1513 304 206 347 312 234 
1514 304 308 220 315 310 
1515 304 207 338 10 217 
1516 304 213 314 232 227 
1517 304 320 319 278 295 
1518 304 311 205 312 202 
1519 304 338 9 234 347 
1520 304 282 317 316 273 
1521 304 280 276 92 279 
1522 304 114 284 53 285 
1523 304 89 274 180 276 
1524 304 336 142 330 143 
1525 304 9 338 10 207 
1526 304 84 36 272 83 
1527 304 307 6 5 226 
1528 304 186 71 304 185 
1529 304 43 352 270 77 
1530 304 6 344 188 189 
1531 304 259 320 241 260 
1532 304 320 319 241 260 
1533 304 268 284 271 81 
1534 304 277 281 286 273 
1535 304 323 317 300 299 
1536 304 133 134 291 58 
1537 304 64 321 15 151 
1538 304 229 307 5 226 
1539 304 67 182 173 292 
1540 304 320 319 322 278 
1541 304 324 325 320 278 
1542 304 172 170 169 292 
1543 304 311 201 204 306 
1544 304 201 71 204 306 
1545 304 290 266 305 265 
1546 304 307 71 306 304 
1547 304 307 71 304 186 
1548 304 270 80 78 42 
1549 304 213 314 227 313 
1550 304 7 344 6 189 
1551 304 218 210 309 219 
1552 304 268 85 75 79 
1553 304 289 125 55 263 
1554 304 344 307 6 188 
1555 304 44 81 271 284 
1556 304 286 293 65 267 
1557 304 65 297 267 293 
1558 304 154 18 17 285 
1559 304 272 191 43 83 
1560 304 223 337 224 216 
1561 304 328 267 275 273 
1562 304 328 324 323 299 
1563 304 343 145 146 63 
1564 304 224 8 216 337 
1565 304 223 347 337 216 
1566 304 331 100 102 101 
1567 304 21 20 350 63 
1568 304 102 345 28 50 
1569 304 149 325 327 295 
1570 304 107 321 109 52 
1571 304 18 39 268 75 
1572 304 95 94 279 96 
1573 304 81 44 271 80 
1574 304 347 8 9 206 
1575 304 221 332 215 270 
1576 304 223 347 216 207 
1577 304 206 347 234 9 
1578 304 346 14 86 76 
1579 304 268 79 80 42 
1580 304 221 332 270 352 
1581 304 284 274 266 271 
1582 304 38 303 95 175 
1583 304 285 160 267 286 
1584 304 303 167 183 175 
1585 304 46 94 90 276 
1586 304 254 336 240 253 
1587 304 303 167 175 38 
1588 304 272 191 83 190 
1589 304 46 89 276 90 
1590 304 235 331 245 27 
1591 304 51 26 27 300 
1592 304 166 299 66 164 
1593 304 101 317 100 38 
1594 304 274 272 266 271 
1595 304 99 30 342 49 
1596 304 16 15 64 286 
1597 304 140 275 59 138 
1598 304 339 29 103 30 
1599 304 339 282 345 316 
1600 304 104 339 105 282 
1601 304 137 149 327 59 
1602 304 115 285 116 17 
1603 304 115 39 114 285 
1604 304 274 284 88 84 
1605 304 321 52 281 286 
1606 304 201 354 311 200 
1607 304 201 354 200 189 
1608 304 110 111 277 53 
1609 304 201 354 189 306 
1610 304 326 292 294 328 
1611 304 253 336 23 254 
1612 304 253 336 24 23 
1613 304 313 55 131 120 
1614 304 137 329 34 326 
1615 304 77 352 12 194 
1616 304 352 221 209 218 
1617 304 43 352 77 194 
1618 304 287 121 54 123 
1619 304 186 185 304 122 
1620 304 268 85 79 42 
1621 304 255 335 319 256 
1622 304 268 264 271 266 
1623 304 185 288 304 122 
1624 304 61 147 23 348 
1625 304 264 268 271 270 
1626 304 67 292 169 168 
1627 304 314 227 222 232 
1628 304 54 287 123 122 
1629 304 345 100 331 317 
1630 304 60 143 25 330 
1631 304 143 24 25 330 
1632 304 44 284 271 84 
1633 304 284 274 271 84 
1634 304 255 335 256 242 
1635 304 54 287 122 304 
1636 304 273 275 278 322 
1637 304 320 295 278 325 
1638 304 164 300 166 299 
1639 304 330 251 252 340 
1640 304 273 324 322 278 
1641 304 239 316 248 324 
1642 304 279 317 273 299 
1643 304 182 292 67 184 
1644 304 20 335 242 256 
1645 304 288 265 290 305 
1646 304 313 129 19 130 
1647 304 165 326 329 328 
1648 304 301 204 203 68 
1649 304 301 199 179 41 
1650 304 276 95 279 303 
1651 304 335 2 20 242 
1652 304 351 255 319 321 
1653 304 353 147 22 62 
1654 304 305 312 301 311 
1655 304 297 285 266 269 
1656 304 74 205 311 202 
1657 304 279 100 317 38 
1658 304 334 11 10 210 
1659 304 334 308 309 210 
1660 304 308 192 196 195 
1661 304 278 324 325 323 
1662 304 349 54 119 187 
1663 304 349 187 5 307 
1664 304 54 287 304 263 
1665 304 288 287 304 122 
1666 304 54 186 304 122 
1667 304 274 301 272 70 
1668 304 334 308 210 217 
1669 304 352 221 218 309 
1670 304 287 121 123 125 
1671 304 274 302 70 180 
1672 304 334 210 10 217 
1673 304 345 247 238 246 
1674 304 177 182 69 302 
1675 304 141 34 142 329 
1676 304 302 301 179 41 
1677 304 302 177 173 41 
1678 304 236 318 32 243 
1679 304 2 32 236 333 
1680 304 255 335 242 351 
1681 304 321 236 318 333 
1682 304 282 100 96 104 
1683 304 328 267 294 275 
1684 304 174 301 41 202 
1685 304 19 18 128 268 
1686 304 198 272 312 301 
1687 304 7 354 200 8 
1688 304 262 268 270 42 
1689 304 305 312 311 315 
1690 304 285 297 266 267 
1691 304 221 332 352 209 
1692 304 334 338 195 308 
1693 304 43 82 271 83 
1694 304 327 278 275 295 
1695 304 336 142 143 61 
1696 304 328 278 329 323 
1697 304 12 13 209 332 
1698 304 221 332 209 215 
1699 304 67 292 168 184 
1700 304 151 150 319 335 
1701 304 346 332 76 270 
1702 304 319 351 151 335 
1703 304 118 281 52 286 
1704 304 319 351 321 151 
1705 304 211 220 315 233 
1706 304 248 323 300 251 
1707 304 251 324 261 248 
1708 304 328 324 299 273 
1709 304 316 245 247 248 
1710 304 77 352 270 332 
1711 304 251 324 248 323 
1712 304 320 145 295 144 
1713 304 16 285 286 162 
1714 304 328 324 273 278 
1715 304 310 221 270 309 
1716 304 150 151 319 152 
1717 304 285 16 17 162 
1718 304 276 95 303 176 
1719 304 43 352 194 309 
1720 304 84 44 82 271 
1721 304 301 302 266 290 
1722 304 249 283 318 237 
1723 304 245 345 28 331 
1724 304 102 345 50 100 
1725 304 299 66 183 167 
1726 304 328 267 303 292 
1727 304 164 323 300 299 
1728 304 303 167 38 299 
1729 304 268 284 81 285 
1730 304 324 320 260 322 
1731 304 274 301 70 302 
1732 304 269 314 263 289 
1733 304 268 284 285 266 
1734 304 263 125 55 121 
1735 304 192 308 72 309 
1736 304 127 297 298 269 
1737 304 141 323 329 330 
1738 304 269 314 289 268 
1739 304 289 125 263 269 
1740 304 328 267 273 303 
1741 304 300 331 27 51 
1742 304 291 288 290 132 
1743 304 298 288 297 296 
1744 304 291 288 132 133 
1745 304 259 325 240 254 
1746 304 320 145 144 343 
1747 304 287 265 305 263 
1748 304 178 302 176 180 
1749 304 181 274 272 70 
1750 304 331 248 245 317 
1751 304 277 285 284 267 
1752 304 82 84 271 83 
1753 304 324 240 261 259 
1754 304 302 178 70 180 
1755 304 181 274 70 180 
